Zip Code,Population,Male,Female
ZCTA5 89010,31,18,13
ZCTA5 89019,69,39,30
ZCTA5 89060,30,15,15
ZCTA5 89061,51,23,28
ZCTA5 89439,80,41,39
ZCTA5 90001,57110,28468,28642
ZCTA5 90002,51223,24876,26347
ZCTA5 90003,66266,32631,33635
ZCTA5 90004,62180,31302,30878
ZCTA5 90005,37681,19299,18382
ZCTA5 90006,59185,30254,28931
ZCTA5 90007,40920,20915,20005
ZCTA5 90008,32327,14477,17850
ZCTA5 90010,3800,1874,1926
ZCTA5 90011,103892,52794,51098
ZCTA5 90012,31103,19493,11610
ZCTA5 90013,11772,7629,4143
ZCTA5 90014,7005,4471,2534
ZCTA5 90015,18986,9833,9153
ZCTA5 90016,47596,22778,24818
ZCTA5 90017,23768,12818,10950
ZCTA5 90018,49310,23770,25540
ZCTA5 90019,64458,31442,33016
ZCTA5 90020,38967,19381,19586
ZCTA5 90021,3951,2790,1161
ZCTA5 90022,67179,33216,33963
ZCTA5 90023,45903,23037,22866
ZCTA5 90024,47452,22248,25204
ZCTA5 90025,42147,20859,21288
ZCTA5 90026,67869,34515,33354
ZCTA5 90027,45151,22362,22789
ZCTA5 90028,28714,16056,12658
ZCTA5 90029,38617,19575,19042
ZCTA5 90031,39316,19546,19770
ZCTA5 90032,45786,22564,23222
ZCTA5 90033,48852,24425,24427
ZCTA5 90034,57964,28828,29136
ZCTA5 90035,28418,13326,15092
ZCTA5 90036,36865,17914,18951
ZCTA5 90037,62276,31187,31089
ZCTA5 90038,28917,15383,13534
ZCTA5 90039,28514,14383,14131
ZCTA5 90040,12520,6129,6391
ZCTA5 90041,27425,13212,14213
ZCTA5 90042,62430,30836,31594
ZCTA5 90043,44789,20561,24228
ZCTA5 90044,89779,43128,46651
ZCTA5 90045,39480,18958,20522
ZCTA5 90046,48581,25854,22727
ZCTA5 90047,48606,22129,26477
ZCTA5 90048,21397,10132,11265
ZCTA5 90049,35482,16359,19123
ZCTA5 90056,7827,3436,4391
ZCTA5 90057,44998,24300,20698
ZCTA5 90058,3223,1555,1668
ZCTA5 90059,40952,19623,21329
ZCTA5 90061,26872,13049,13823
ZCTA5 90062,32821,15720,17101
ZCTA5 90063,55758,27843,27915
ZCTA5 90064,25403,12297,13106
ZCTA5 90065,45527,22873,22654
ZCTA5 90066,55277,27714,27563
ZCTA5 90067,2424,1074,1350
ZCTA5 90068,22286,12018,10268
ZCTA5 90069,20483,12153,8330
ZCTA5 90071,15,13,2
ZCTA5 90073,539,506,33
ZCTA5 90077,9377,4594,4783
ZCTA5 90079,0,0,0
ZCTA5 90089,3217,1436,1781
ZCTA5 90090,0,0,0
ZCTA5 90094,5464,2559,2905
ZCTA5 90095,3,2,1
ZCTA5 90201,101279,50658,50621
ZCTA5 90210,21741,10292,11449
ZCTA5 90211,8434,3849,4585
ZCTA5 90212,11555,5211,6344
ZCTA5 90220,49328,23773,25555
ZCTA5 90221,53704,26346,27358
ZCTA5 90222,31869,15375,16494
ZCTA5 90230,31766,14932,16834
ZCTA5 90232,15149,7333,7816
ZCTA5 90240,25876,12501,13375
ZCTA5 90241,42399,20466,21933
ZCTA5 90242,43497,21207,22290
ZCTA5 90245,16654,8304,8350
ZCTA5 90247,47487,23217,24270
ZCTA5 90248,9947,4823,5124
ZCTA5 90249,26669,12897,13772
ZCTA5 90250,93193,45113,48080
ZCTA5 90254,19506,10273,9233
ZCTA5 90255,75066,37525,37541
ZCTA5 90260,34924,17509,17415
ZCTA5 90262,69745,33919,35826
ZCTA5 90263,1612,665,947
ZCTA5 90265,18116,9159,8957
ZCTA5 90266,35135,17605,17530
ZCTA5 90270,27372,13992,13380
ZCTA5 90272,22986,10952,12034
ZCTA5 90274,25209,12199,13010
ZCTA5 90275,41804,20283,21521
ZCTA5 90277,35293,17521,17772
ZCTA5 90278,40071,19848,20223
ZCTA5 90280,94396,46321,48075
ZCTA5 90290,6368,3180,3188
ZCTA5 90291,28341,14757,13584
ZCTA5 90292,21576,10729,10847
ZCTA5 90293,12132,5890,6242
ZCTA5 90301,36568,17633,18935
ZCTA5 90302,29415,13803,15612
ZCTA5 90303,26176,12733,13443
ZCTA5 90304,28210,14503,13707
ZCTA5 90305,14853,6552,8301
ZCTA5 90401,6722,3524,3198
ZCTA5 90402,12250,5809,6441
ZCTA5 90403,24525,11426,13099
ZCTA5 90404,21360,10292,11068
ZCTA5 90405,27186,13364,13822
ZCTA5 90501,43180,21483,21697
ZCTA5 90502,18010,8811,9199
ZCTA5 90503,44383,21481,22902
ZCTA5 90504,32102,15886,16216
ZCTA5 90505,36678,17684,18994
ZCTA5 90506,0,0,0
ZCTA5 90601,31974,15312,16662
ZCTA5 90602,25777,12720,13057
ZCTA5 90603,20063,9694,10369
ZCTA5 90604,39407,19270,20137
ZCTA5 90605,40331,20033,20298
ZCTA5 90606,32396,15936,16460
ZCTA5 90620,45113,22241,22872
ZCTA5 90621,35153,17377,17776
ZCTA5 90623,15554,7516,8038
ZCTA5 90630,47993,23204,24789
ZCTA5 90631,67619,33320,34299
ZCTA5 90638,49012,23520,25492
ZCTA5 90640,62549,30189,32360
ZCTA5 90650,105549,52364,53185
ZCTA5 90660,62928,30738,32190
ZCTA5 90670,14866,7163,7703
ZCTA5 90680,29945,14811,15134
ZCTA5 90701,16591,8227,8364
ZCTA5 90703,49399,23785,25614
ZCTA5 90704,4090,2101,1989
ZCTA5 90706,76615,37203,39412
ZCTA5 90710,25457,12291,13166
ZCTA5 90712,31499,15277,16222
ZCTA5 90713,27925,13574,14351
ZCTA5 90715,20388,9935,10453
ZCTA5 90716,14184,7078,7106
ZCTA5 90717,21318,10317,11001
ZCTA5 90720,21751,10423,11328
ZCTA5 90723,54099,26315,27784
ZCTA5 90731,59662,29951,29711
ZCTA5 90732,21115,9843,11272
ZCTA5 90740,23729,10423,13306
ZCTA5 90742,831,454,377
ZCTA5 90743,456,238,218
ZCTA5 90744,53815,27298,26517
ZCTA5 90745,57251,27754,29497
ZCTA5 90746,25990,11944,14046
ZCTA5 90747,0,0,0
ZCTA5 90755,11074,5462,5612
ZCTA5 90802,39347,20387,18960
ZCTA5 90803,32031,15609,16422
ZCTA5 90804,40311,19686,20625
ZCTA5 90805,93524,45229,48295
ZCTA5 90806,42399,20717,21682
ZCTA5 90807,31481,15153,16328
ZCTA5 90808,38232,18408,19824
ZCTA5 90810,36735,18067,18668
ZCTA5 90813,58911,29425,29486
ZCTA5 90814,19131,9356,9775
ZCTA5 90815,39733,19124,20609
ZCTA5 90822,117,109,8
ZCTA5 90831,0,0,0
ZCTA5 91001,36126,17421,18705
ZCTA5 91006,31715,15283,16432
ZCTA5 91007,34095,16039,18056
ZCTA5 91008,1391,614,777
ZCTA5 91010,26074,12461,13613
ZCTA5 91011,20280,9863,10417
ZCTA5 91016,40598,19434,21164
ZCTA5 91020,8415,3966,4449
ZCTA5 91024,10917,5165,5752
ZCTA5 91030,25616,12160,13456
ZCTA5 91040,20372,10120,10252
ZCTA5 91042,27585,13734,13851
ZCTA5 91046,156,51,105
ZCTA5 91101,20460,9926,10534
ZCTA5 91103,27480,13481,13999
ZCTA5 91104,36751,17874,18877
ZCTA5 91105,11254,5432,5822
ZCTA5 91106,24229,11993,12236
ZCTA5 91107,32940,15940,17000
ZCTA5 91108,13361,6410,6951
ZCTA5 91201,22781,11123,11658
ZCTA5 91202,22830,10805,12025
ZCTA5 91203,13220,6279,6941
ZCTA5 91204,16032,7699,8333
ZCTA5 91205,37810,18084,19726
ZCTA5 91206,33065,15544,17521
ZCTA5 91207,10506,4924,5582
ZCTA5 91208,16245,7756,8489
ZCTA5 91210,328,162,166
ZCTA5 91214,30356,14642,15714
ZCTA5 91301,25488,12511,12977
ZCTA5 91302,25709,12487,13222
ZCTA5 91303,26855,13907,12948
ZCTA5 91304,50231,24827,25404
ZCTA5 91306,45061,22679,22382
ZCTA5 91307,24474,11939,12535
ZCTA5 91311,36557,17838,18719
ZCTA5 91316,26898,12717,14181
ZCTA5 91320,44274,21952,22322
ZCTA5 91321,34882,17402,17480
ZCTA5 91324,27669,13545,14124
ZCTA5 91325,32417,15819,16598
ZCTA5 91326,33708,16394,17314
ZCTA5 91330,2702,1103,1599
ZCTA5 91331,103689,52358,51331
ZCTA5 91335,74363,36596,37767
ZCTA5 91340,34188,17130,17058
ZCTA5 91342,91725,45786,45939
ZCTA5 91343,60254,30145,30109
ZCTA5 91344,51747,25212,26535
ZCTA5 91345,18496,9110,9386
ZCTA5 91350,33348,16270,17078
ZCTA5 91351,32362,16086,16276
ZCTA5 91352,47807,23980,23827
ZCTA5 91354,28722,14046,14676
ZCTA5 91355,32605,15773,16832
ZCTA5 91356,29458,14216,15242
ZCTA5 91360,42402,20755,21647
ZCTA5 91361,20438,9854,10584
ZCTA5 91362,36045,17562,18483
ZCTA5 91364,25851,12739,13112
ZCTA5 91367,39499,19171,20328
ZCTA5 91371,1,0,1
ZCTA5 91377,13811,6641,7170
ZCTA5 91381,20158,9852,10306
ZCTA5 91384,29855,18503,11352
ZCTA5 91387,40328,20106,20222
ZCTA5 91390,19786,9911,9875
ZCTA5 91401,39285,19613,19672
ZCTA5 91402,69817,35095,34722
ZCTA5 91403,23484,11277,12207
ZCTA5 91405,51145,25498,25647
ZCTA5 91406,51558,25956,25602
ZCTA5 91411,24628,12495,12133
ZCTA5 91423,30991,14789,16202
ZCTA5 91436,14372,6890,7482
ZCTA5 91501,20849,10040,10809
ZCTA5 91502,11371,5402,5969
ZCTA5 91504,24939,12006,12933
ZCTA5 91505,30778,15121,15657
ZCTA5 91506,18904,9115,9789
ZCTA5 91601,37180,18932,18248
ZCTA5 91602,17473,8722,8751
ZCTA5 91604,29034,14271,14763
ZCTA5 91605,56343,28417,27926
ZCTA5 91606,44958,22376,22582
ZCTA5 91607,27927,13635,14292
ZCTA5 91608,0,0,0
ZCTA5 91701,38976,18966,20010
ZCTA5 91702,59705,29486,30219
ZCTA5 91706,76571,37969,38602
ZCTA5 91708,3369,685,2684
ZCTA5 91709,74796,36954,37842
ZCTA5 91710,80358,42283,38075
ZCTA5 91711,35705,16777,18928
ZCTA5 91722,34409,16859,17550
ZCTA5 91723,18275,8783,9492
ZCTA5 91724,26184,12780,13404
ZCTA5 91730,66925,33393,33532
ZCTA5 91731,29591,14888,14703
ZCTA5 91732,61386,30755,30631
ZCTA5 91733,43896,22191,21705
ZCTA5 91737,24740,12089,12651
ZCTA5 91739,34794,17254,17540
ZCTA5 91740,25356,12269,13087
ZCTA5 91741,25824,12498,13326
ZCTA5 91744,85040,42564,42476
ZCTA5 91745,54013,26287,27726
ZCTA5 91746,30485,15116,15369
ZCTA5 91748,45406,22368,23038
ZCTA5 91750,33249,15881,17368
ZCTA5 91752,30047,14981,15066
ZCTA5 91754,32742,15620,17122
ZCTA5 91755,27496,13271,14225
ZCTA5 91759,476,239,237
ZCTA5 91761,56913,28360,28553
ZCTA5 91762,55857,27686,28171
ZCTA5 91763,36375,18099,18276
ZCTA5 91764,54086,27027,27059
ZCTA5 91765,46457,22702,23755
ZCTA5 91766,71599,36111,35488
ZCTA5 91767,48068,23685,24383
ZCTA5 91768,34537,17509,17028
ZCTA5 91770,62097,30521,31576
ZCTA5 91773,33119,15737,17382
ZCTA5 91775,23988,11448,12540
ZCTA5 91776,38475,18751,19724
ZCTA5 91780,34332,16438,17894
ZCTA5 91784,25938,12729,13209
ZCTA5 91786,51165,24516,26649
ZCTA5 91789,43079,20988,22091
ZCTA5 91790,44907,21721,23186
ZCTA5 91791,32414,15512,16902
ZCTA5 91792,30854,14950,15904
ZCTA5 91801,52735,24833,27902
ZCTA5 91803,30322,14486,15836
ZCTA5 91901,17403,8750,8653
ZCTA5 91902,17653,8603,9050
ZCTA5 91905,1700,965,735
ZCTA5 91906,3627,1959,1668
ZCTA5 91910,75802,36862,38940
ZCTA5 91911,82999,39938,43061
ZCTA5 91913,40971,19793,21178
ZCTA5 91914,15448,7521,7927
ZCTA5 91915,24659,12044,12615
ZCTA5 91916,1622,828,794
ZCTA5 91917,992,513,479
ZCTA5 91931,592,305,287
ZCTA5 91932,25718,12874,12844
ZCTA5 91934,737,378,359
ZCTA5 91935,8624,4392,4232
ZCTA5 91941,31779,15341,16438
ZCTA5 91942,38069,18064,20005
ZCTA5 91945,25460,12426,13034
ZCTA5 91948,78,36,42
ZCTA5 91950,60322,31009,29313
ZCTA5 91962,1646,827,819
ZCTA5 91963,1118,576,542
ZCTA5 91977,58368,28506,29862
ZCTA5 91978,8896,4347,4549
ZCTA5 91980,165,79,86
ZCTA5 92003,4746,2335,2411
ZCTA5 92004,3881,1943,1938
ZCTA5 92007,10429,5239,5190
ZCTA5 92008,27649,14098,13551
ZCTA5 92009,40747,19672,21075
ZCTA5 92010,14382,6950,7432
ZCTA5 92011,22405,10700,11705
ZCTA5 92014,13154,6509,6645
ZCTA5 92019,42598,20799,21799
ZCTA5 92020,57767,28375,29392
ZCTA5 92021,65068,31821,33247
ZCTA5 92024,49121,24214,24907
ZCTA5 92025,49978,25149,24829
ZCTA5 92026,48922,24017,24905
ZCTA5 92027,53881,26927,26954
ZCTA5 92028,46239,23098,23141
ZCTA5 92029,19021,9292,9729
ZCTA5 92036,3440,1755,1685
ZCTA5 92037,46781,22678,24103
ZCTA5 92040,41281,20565,20716
ZCTA5 92054,40375,20529,19846
ZCTA5 92055,15655,14267,1388
ZCTA5 92056,51835,25146,26689
ZCTA5 92057,54096,26405,27691
ZCTA5 92058,42436,22025,20411
ZCTA5 92059,1618,796,822
ZCTA5 92060,218,119,99
ZCTA5 92061,2499,1290,1209
ZCTA5 92064,47904,23604,24300
ZCTA5 92065,35414,17837,17577
ZCTA5 92066,378,195,183
ZCTA5 92067,9535,4691,4844
ZCTA5 92069,46369,23166,23203
ZCTA5 92070,1245,626,619
ZCTA5 92071,53422,25826,27596
ZCTA5 92075,12056,5953,6103
ZCTA5 92078,42906,20311,22595
ZCTA5 92081,27404,13663,13741
ZCTA5 92082,19037,9626,9411
ZCTA5 92083,36975,18844,18131
ZCTA5 92084,47654,23840,23814
ZCTA5 92086,1573,737,836
ZCTA5 92091,1048,476,572
ZCTA5 92101,37095,22255,14840
ZCTA5 92102,43267,21915,21352
ZCTA5 92103,31066,16155,14911
ZCTA5 92104,44414,22811,21603
ZCTA5 92105,69813,34661,35152
ZCTA5 92106,19330,9871,9459
ZCTA5 92107,28651,14778,13873
ZCTA5 92108,18858,9446,9412
ZCTA5 92109,45787,24648,21139
ZCTA5 92110,25341,12715,12626
ZCTA5 92111,45096,22275,22821
ZCTA5 92113,56066,30009,26057
ZCTA5 92114,65433,32091,33342
ZCTA5 92115,58560,29075,29485
ZCTA5 92116,31680,15980,15700
ZCTA5 92117,51332,25877,25455
ZCTA5 92118,23575,13532,10043
ZCTA5 92119,23057,11041,12016
ZCTA5 92120,26317,12686,13631
ZCTA5 92121,4179,2182,1997
ZCTA5 92122,43728,21619,22109
ZCTA5 92123,26823,13237,13586
ZCTA5 92124,30443,14945,15498
ZCTA5 92126,73343,38728,34615
ZCTA5 92127,39337,19303,20034
ZCTA5 92128,47490,22379,25111
ZCTA5 92129,51536,25509,26027
ZCTA5 92130,48940,23932,25008
ZCTA5 92131,32787,16089,16698
ZCTA5 92132,0,0,0
ZCTA5 92134,198,161,37
ZCTA5 92135,571,502,69
ZCTA5 92139,35125,16905,18220
ZCTA5 92140,3435,3407,28
ZCTA5 92145,1449,713,736
ZCTA5 92147,559,455,104
ZCTA5 92154,79708,41254,38454
ZCTA5 92155,550,508,42
ZCTA5 92173,29429,13906,15523
ZCTA5 92201,61827,30567,31260
ZCTA5 92203,25605,12597,13008
ZCTA5 92210,4677,2132,2545
ZCTA5 92211,24294,11257,13037
ZCTA5 92220,31638,15295,16343
ZCTA5 92222,45,26,19
ZCTA5 92223,43605,21206,22399
ZCTA5 92225,24310,16065,8245
ZCTA5 92227,26234,12808,13426
ZCTA5 92230,2550,1279,1271
ZCTA5 92231,39073,18512,20561
ZCTA5 92233,8099,6116,1983
ZCTA5 92234,51151,26308,24843
ZCTA5 92236,41083,20488,20595
ZCTA5 92239,223,117,106
ZCTA5 92240,34722,17428,17294
ZCTA5 92241,8803,4457,4346
ZCTA5 92242,1539,779,760
ZCTA5 92243,48030,23812,24218
ZCTA5 92249,7334,3512,3822
ZCTA5 92250,8285,4078,4207
ZCTA5 92251,21583,12891,8692
ZCTA5 92252,9647,4836,4811
ZCTA5 92253,37262,18000,19262
ZCTA5 92254,12768,6702,6066
ZCTA5 92256,3588,1846,1742
ZCTA5 92257,2326,1183,1143
ZCTA5 92258,861,471,390
ZCTA5 92259,390,213,177
ZCTA5 92260,31753,14920,16833
ZCTA5 92262,26179,14506,11673
ZCTA5 92264,19383,11143,8240
ZCTA5 92266,234,134,100
ZCTA5 92267,126,63,63
ZCTA5 92268,574,294,280
ZCTA5 92270,17220,8510,8710
ZCTA5 92273,1823,887,936
ZCTA5 92274,19801,10482,9319
ZCTA5 92275,1506,749,757
ZCTA5 92276,7585,3799,3786
ZCTA5 92277,23911,12070,11841
ZCTA5 92278,3846,3494,352
ZCTA5 92280,14,2,12
ZCTA5 92281,2432,1138,1294
ZCTA5 92282,1239,664,575
ZCTA5 92283,3158,1531,1627
ZCTA5 92284,25095,12324,12771
ZCTA5 92285,2632,1388,1244
ZCTA5 92301,32725,16857,15868
ZCTA5 92304,17,13,4
ZCTA5 92305,535,264,271
ZCTA5 92307,37630,18650,18980
ZCTA5 92308,39837,19416,20421
ZCTA5 92309,763,410,353
ZCTA5 92310,8845,5034,3811
ZCTA5 92311,31894,16007,15887
ZCTA5 92313,12025,5793,6232
ZCTA5 92314,10162,5138,5024
ZCTA5 92315,5094,2615,2479
ZCTA5 92316,30830,15538,15292
ZCTA5 92320,7788,3734,4054
ZCTA5 92321,1522,803,719
ZCTA5 92322,1257,636,621
ZCTA5 92324,56505,27716,28789
ZCTA5 92325,9391,4772,4619
ZCTA5 92327,632,336,296
ZCTA5 92328,445,261,184
ZCTA5 92332,65,47,18
ZCTA5 92333,472,235,237
ZCTA5 92335,95397,47699,47698
ZCTA5 92336,88419,43786,44633
ZCTA5 92337,37849,18966,18883
ZCTA5 92338,12,5,7
ZCTA5 92339,885,445,440
ZCTA5 92341,410,225,185
ZCTA5 92342,6379,3189,3190
ZCTA5 92344,20769,10329,10440
ZCTA5 92345,78715,39118,39597
ZCTA5 92346,54923,26943,27980
ZCTA5 92347,1692,857,835
ZCTA5 92352,8004,4036,3968
ZCTA5 92354,21559,10100,11459
ZCTA5 92356,6455,3356,3099
ZCTA5 92358,707,366,341
ZCTA5 92359,8103,4017,4086
ZCTA5 92363,5321,2683,2638
ZCTA5 92364,90,47,43
ZCTA5 92365,2637,1339,1298
ZCTA5 92368,1113,592,521
ZCTA5 92371,16763,8565,8198
ZCTA5 92372,6220,3136,3084
ZCTA5 92373,33423,15762,17661
ZCTA5 92374,40267,19353,20914
ZCTA5 92376,81516,39551,41965
ZCTA5 92377,19989,9894,10095
ZCTA5 92378,183,89,94
ZCTA5 92382,5268,2710,2558
ZCTA5 92384,36,18,18
ZCTA5 92385,313,150,163
ZCTA5 92386,2270,1163,1107
ZCTA5 92389,156,89,67
ZCTA5 92391,2534,1317,1217
ZCTA5 92392,54858,26839,28019
ZCTA5 92394,33237,18149,15088
ZCTA5 92395,42400,20290,22110
ZCTA5 92397,4894,2522,2372
ZCTA5 92398,1379,707,672
ZCTA5 92399,52606,25954,26652
ZCTA5 92401,1932,953,979
ZCTA5 92404,58271,28141,30130
ZCTA5 92405,28873,14249,14624
ZCTA5 92407,56689,28105,28584
ZCTA5 92408,15271,8413,6858
ZCTA5 92410,49410,24251,25159
ZCTA5 92411,26214,12803,13411
ZCTA5 92501,20970,10789,10181
ZCTA5 92503,84519,42058,42461
ZCTA5 92504,53778,26232,27546
ZCTA5 92505,47672,23563,24109
ZCTA5 92506,44001,21413,22588
ZCTA5 92507,58002,28739,29263
ZCTA5 92508,35000,17320,17680
ZCTA5 92509,75196,37947,37249
ZCTA5 92518,1162,599,563
ZCTA5 92530,50216,25354,24862
ZCTA5 92532,18644,9289,9355
ZCTA5 92536,3810,1964,1846
ZCTA5 92539,4734,2393,2341
ZCTA5 92543,33555,15679,17876
ZCTA5 92544,44734,21850,22884
ZCTA5 92545,39457,18762,20695
ZCTA5 92548,6643,3363,3280
ZCTA5 92549,3926,1955,1971
ZCTA5 92551,30815,14916,15899
ZCTA5 92553,73722,36130,37592
ZCTA5 92555,39076,19025,20051
ZCTA5 92557,50320,24491,25829
ZCTA5 92561,1661,866,795
ZCTA5 92562,62079,30267,31812
ZCTA5 92563,53892,26874,27018
ZCTA5 92567,9459,4730,4729
ZCTA5 92570,53697,27501,26196
ZCTA5 92571,52516,25943,26573
ZCTA5 92582,15649,7666,7983
ZCTA5 92583,30236,14702,15534
ZCTA5 92584,43400,21401,21999
ZCTA5 92585,17797,8845,8952
ZCTA5 92586,19815,8751,11064
ZCTA5 92587,16675,8356,8319
ZCTA5 92590,3660,1804,1856
ZCTA5 92591,38272,18675,19597
ZCTA5 92592,72492,35736,36756
ZCTA5 92595,29851,14712,15139
ZCTA5 92596,23172,11520,11652
ZCTA5 92602,22871,11143,11728
ZCTA5 92603,20184,10024,10160
ZCTA5 92604,26853,12997,13856
ZCTA5 92606,21495,10466,11029
ZCTA5 92610,11248,5623,5625
ZCTA5 92612,27522,13425,14097
ZCTA5 92614,24748,11975,12773
ZCTA5 92617,14044,6721,7323
ZCTA5 92618,16366,8252,8114
ZCTA5 92620,38486,18533,19953
ZCTA5 92624,7248,3652,3596
ZCTA5 92625,12478,5817,6661
ZCTA5 92626,49341,24786,24555
ZCTA5 92627,61510,31607,29903
ZCTA5 92629,25756,12693,13063
ZCTA5 92630,59182,29398,29784
ZCTA5 92637,16012,5716,10296
ZCTA5 92646,55224,27076,28148
ZCTA5 92647,57245,28566,28679
ZCTA5 92648,45317,22719,22598
ZCTA5 92649,32463,16037,16426
ZCTA5 92651,23881,11977,11904
ZCTA5 92653,29291,14371,14920
ZCTA5 92655,8337,4111,4226
ZCTA5 92656,49046,23506,25540
ZCTA5 92657,9741,4709,5032
ZCTA5 92660,34797,16839,17958
ZCTA5 92661,3744,1981,1763
ZCTA5 92662,2756,1230,1526
ZCTA5 92663,21649,11377,10272
ZCTA5 92672,34464,17412,17052
ZCTA5 92673,29309,14613,14696
ZCTA5 92675,34731,17225,17506
ZCTA5 92676,1945,989,956
ZCTA5 92677,63297,30676,32621
ZCTA5 92678,494,247,247
ZCTA5 92679,32611,16169,16442
ZCTA5 92683,89747,44391,45356
ZCTA5 92688,43792,21311,22481
ZCTA5 92691,47582,23526,24056
ZCTA5 92692,47222,22763,24459
ZCTA5 92694,21944,10833,11111
ZCTA5 92701,53908,27732,26176
ZCTA5 92703,65445,34003,31442
ZCTA5 92704,88123,44951,43172
ZCTA5 92705,44706,22017,22689
ZCTA5 92706,36457,18347,18110
ZCTA5 92707,59492,30423,29069
ZCTA5 92708,56004,27295,28709
ZCTA5 92780,57741,28156,29585
ZCTA5 92782,23032,11090,11942
ZCTA5 92801,62068,30793,31275
ZCTA5 92802,42709,21360,21349
ZCTA5 92804,85914,42316,43598
ZCTA5 92805,70401,35868,34533
ZCTA5 92806,37173,18685,18488
ZCTA5 92807,36171,17695,18476
ZCTA5 92808,20039,9761,10278
ZCTA5 92821,35533,17338,18195
ZCTA5 92823,3613,1757,1856
ZCTA5 92831,34204,16728,17476
ZCTA5 92832,24752,12419,12333
ZCTA5 92833,51767,25643,26124
ZCTA5 92835,24010,11414,12596
ZCTA5 92840,54083,26955,27128
ZCTA5 92841,32845,16368,16477
ZCTA5 92843,45214,22754,22460
ZCTA5 92844,24307,12148,12159
ZCTA5 92845,16333,7965,8368
ZCTA5 92860,27198,15702,11496
ZCTA5 92861,5781,2854,2927
ZCTA5 92865,19704,9788,9916
ZCTA5 92866,14885,7139,7746
ZCTA5 92867,44515,22134,22381
ZCTA5 92868,25404,13933,11471
ZCTA5 92869,37184,18433,18751
ZCTA5 92870,52033,25617,26416
ZCTA5 92879,46745,23130,23615
ZCTA5 92880,58763,29140,29623
ZCTA5 92881,30991,15202,15789
ZCTA5 92882,67917,33742,34175
ZCTA5 92883,29301,14411,14890
ZCTA5 92886,46564,22582,23982
ZCTA5 92887,20006,9803,10203
ZCTA5 93001,32990,16773,16217
ZCTA5 93003,50474,24818,25656
ZCTA5 93004,29149,14170,14979
ZCTA5 93010,42901,21109,21792
ZCTA5 93012,34617,16481,18136
ZCTA5 93013,16091,7949,8142
ZCTA5 93015,17334,8681,8653
ZCTA5 93021,36422,18098,18324
ZCTA5 93022,6106,3062,3044
ZCTA5 93023,20589,9805,10784
ZCTA5 93030,59372,30038,29334
ZCTA5 93033,82728,42604,40124
ZCTA5 93035,27732,14006,13726
ZCTA5 93036,41691,20812,20879
ZCTA5 93040,2031,1052,979
ZCTA5 93041,23641,12046,11595
ZCTA5 93042,56,52,4
ZCTA5 93043,333,274,59
ZCTA5 93060,32811,16540,16271
ZCTA5 93063,54366,26592,27774
ZCTA5 93064,40,21,19
ZCTA5 93065,72508,35772,36736
ZCTA5 93066,3102,1586,1516
ZCTA5 93067,895,424,471
ZCTA5 93101,31683,15998,15685
ZCTA5 93103,20249,10442,9807
ZCTA5 93105,24815,11815,13000
ZCTA5 93108,11112,5184,5928
ZCTA5 93109,10858,5459,5399
ZCTA5 93110,16829,8391,8438
ZCTA5 93111,17370,8350,9020
ZCTA5 93117,53217,26703,26514
ZCTA5 93201,1348,690,658
ZCTA5 93202,4143,1992,2151
ZCTA5 93203,20938,10875,10063
ZCTA5 93204,15529,11241,4288
ZCTA5 93205,2113,1070,1043
ZCTA5 93206,2300,1227,1073
ZCTA5 93207,263,132,131
ZCTA5 93208,104,55,49
ZCTA5 93210,19504,12838,6666
ZCTA5 93212,26079,19186,6893
ZCTA5 93215,55659,33133,22526
ZCTA5 93218,994,516,478
ZCTA5 93219,10194,5225,4969
ZCTA5 93220,211,108,103
ZCTA5 93221,14945,7374,7571
ZCTA5 93222,2099,1065,1034
ZCTA5 93223,10604,5343,5261
ZCTA5 93224,451,226,225
ZCTA5 93225,5077,2585,2492
ZCTA5 93226,282,135,147
ZCTA5 93230,65264,32209,33055
ZCTA5 93234,6987,3693,3294
ZCTA5 93235,4559,2341,2218
ZCTA5 93238,1490,738,752
ZCTA5 93239,1688,886,802
ZCTA5 93240,6056,2971,3085
ZCTA5 93241,17489,9258,8231
ZCTA5 93242,3468,1817,1651
ZCTA5 93243,1699,884,815
ZCTA5 93244,534,272,262
ZCTA5 93245,37412,19344,18068
ZCTA5 93247,17423,8818,8605
ZCTA5 93249,2739,1559,1180
ZCTA5 93250,13522,7572,5950
ZCTA5 93251,270,143,127
ZCTA5 93252,4176,3301,875
ZCTA5 93254,811,420,391
ZCTA5 93255,614,297,317
ZCTA5 93256,5753,2959,2794
ZCTA5 93257,75004,37366,37638
ZCTA5 93258,2046,1044,1002
ZCTA5 93260,200,105,95
ZCTA5 93261,3099,1637,1462
ZCTA5 93262,63,41,22
ZCTA5 93263,19582,10046,9536
ZCTA5 93265,3699,1859,1840
ZCTA5 93266,1587,804,783
ZCTA5 93267,6237,3150,3087
ZCTA5 93268,16897,8877,8020
ZCTA5 93270,5837,3027,2810
ZCTA5 93271,2276,1129,1147
ZCTA5 93272,3583,1877,1706
ZCTA5 93274,69721,34546,35175
ZCTA5 93276,161,83,78
ZCTA5 93277,50607,24308,26299
ZCTA5 93280,27152,16585,10567
ZCTA5 93283,2040,1002,1038
ZCTA5 93285,2536,1266,1270
ZCTA5 93286,9548,4826,4722
ZCTA5 93287,119,66,53
ZCTA5 93291,52849,26896,25953
ZCTA5 93292,39032,19207,19825
ZCTA5 93301,12248,5825,6423
ZCTA5 93304,48731,23995,24736
ZCTA5 93305,37601,19042,18559
ZCTA5 93306,64587,31613,32974
ZCTA5 93307,82658,41331,41327
ZCTA5 93308,52447,26239,26208
ZCTA5 93309,58409,27921,30488
ZCTA5 93311,40829,19997,20832
ZCTA5 93312,56741,27941,28800
ZCTA5 93313,43553,21687,21866
ZCTA5 93314,22393,11175,11218
ZCTA5 93401,28033,14149,13884
ZCTA5 93402,14318,6995,7323
ZCTA5 93405,35440,22290,13150
ZCTA5 93410,0,0,0
ZCTA5 93420,28413,13809,14604
ZCTA5 93422,31375,15869,15506
ZCTA5 93424,1261,591,670
ZCTA5 93426,1401,770,631
ZCTA5 93427,5505,2708,2797
ZCTA5 93428,6314,3019,3295
ZCTA5 93429,154,79,75
ZCTA5 93430,2972,1436,1536
ZCTA5 93432,1384,707,677
ZCTA5 93433,13162,6439,6723
ZCTA5 93434,7110,3580,3530
ZCTA5 93436,54017,28423,25594
ZCTA5 93437,3338,1807,1531
ZCTA5 93440,2058,1040,1018
ZCTA5 93441,1530,773,757
ZCTA5 93442,10789,5270,5519
ZCTA5 93444,19244,9518,9726
ZCTA5 93445,7173,3632,3541
ZCTA5 93446,43714,21423,22291
ZCTA5 93449,7657,3700,3957
ZCTA5 93450,740,394,346
ZCTA5 93451,3779,1926,1853
ZCTA5 93452,524,271,253
ZCTA5 93453,2899,1487,1412
ZCTA5 93454,36448,18056,18392
ZCTA5 93455,41684,20391,21293
ZCTA5 93458,55431,28604,26827
ZCTA5 93460,5255,2602,2653
ZCTA5 93461,1623,832,791
ZCTA5 93463,7646,3682,3964
ZCTA5 93465,9153,4428,4725
ZCTA5 93501,5467,2781,2686
ZCTA5 93505,14038,8292,5746
ZCTA5 93510,7993,4086,3907
ZCTA5 93512,277,138,139
ZCTA5 93513,1763,879,884
ZCTA5 93514,13857,6918,6939
ZCTA5 93516,2299,1186,1113
ZCTA5 93517,670,346,324
ZCTA5 93518,1146,576,570
ZCTA5 93519,101,54,47
ZCTA5 93522,48,31,17
ZCTA5 93523,3074,1531,1543
ZCTA5 93524,229,168,61
ZCTA5 93526,719,372,347
ZCTA5 93527,2387,1206,1181
ZCTA5 93528,172,90,82
ZCTA5 93529,633,344,289
ZCTA5 93530,47,28,19
ZCTA5 93531,509,248,261
ZCTA5 93532,2932,1642,1290
ZCTA5 93534,39341,18601,20740
ZCTA5 93535,72046,34879,37167
ZCTA5 93536,70918,37804,33114
ZCTA5 93541,449,228,221
ZCTA5 93543,13033,6695,6338
ZCTA5 93544,1259,689,570
ZCTA5 93545,2082,1035,1047
ZCTA5 93546,9567,5199,4368
ZCTA5 93549,344,188,156
ZCTA5 93550,74929,36414,38515
ZCTA5 93551,50798,25056,25742
ZCTA5 93552,38158,18711,19447
ZCTA5 93553,2138,1121,1017
ZCTA5 93554,72,30,42
ZCTA5 93555,32560,16372,16188
ZCTA5 93558,125,74,51
ZCTA5 93560,18910,9491,9419
ZCTA5 93561,34630,20193,14437
ZCTA5 93562,1818,924,894
ZCTA5 93563,388,263,125
ZCTA5 93591,7285,3653,3632
ZCTA5 93592,64,35,29
ZCTA5 93601,1909,956,953
ZCTA5 93602,3862,1943,1919
ZCTA5 93603,222,114,108
ZCTA5 93604,674,326,348
ZCTA5 93605,175,81,94
ZCTA5 93606,1217,624,593
ZCTA5 93608,1114,608,506
ZCTA5 93609,5640,2889,2751
ZCTA5 93610,23833,8280,15553
ZCTA5 93611,45614,22114,23500
ZCTA5 93612,35351,16956,18395
ZCTA5 93614,11661,5722,5939
ZCTA5 93615,6042,3206,2836
ZCTA5 93616,2627,1340,1287
ZCTA5 93618,28262,14523,13739
ZCTA5 93619,28965,14230,14735
ZCTA5 93620,9591,4841,4750
ZCTA5 93621,464,223,241
ZCTA5 93622,9581,4989,4592
ZCTA5 93623,69,34,35
ZCTA5 93624,1134,605,529
ZCTA5 93625,7313,3681,3632
ZCTA5 93626,1359,711,648
ZCTA5 93627,123,60,63
ZCTA5 93628,327,159,168
ZCTA5 93630,19162,9707,9455
ZCTA5 93631,15941,7822,8119
ZCTA5 93633,25,14,11
ZCTA5 93634,33,21,12
ZCTA5 93635,38776,19413,19363
ZCTA5 93636,11908,5983,5925
ZCTA5 93637,37743,18871,18872
ZCTA5 93638,49068,25624,23444
ZCTA5 93640,11880,6560,5320
ZCTA5 93641,595,352,243
ZCTA5 93643,3171,1576,1595
ZCTA5 93644,8637,4196,4441
ZCTA5 93645,318,156,162
ZCTA5 93646,10557,5315,5242
ZCTA5 93647,11874,6164,5710
ZCTA5 93648,15719,8082,7637
ZCTA5 93650,4055,1930,2125
ZCTA5 93651,1674,833,841
ZCTA5 93652,415,232,183
ZCTA5 93653,1229,627,602
ZCTA5 93654,29776,15189,14587
ZCTA5 93656,6313,3221,3092
ZCTA5 93657,34999,17474,17525
ZCTA5 93660,4675,2378,2297
ZCTA5 93662,30237,15281,14956
ZCTA5 93664,585,307,278
ZCTA5 93665,472,231,241
ZCTA5 93666,692,352,340
ZCTA5 93667,2604,1341,1263
ZCTA5 93668,1118,583,535
ZCTA5 93669,295,145,150
ZCTA5 93673,713,368,345
ZCTA5 93675,3721,1898,1823
ZCTA5 93701,12529,6404,6125
ZCTA5 93702,48607,24493,24114
ZCTA5 93703,31868,15812,16056
ZCTA5 93704,27156,13125,14031
ZCTA5 93705,36703,17566,19137
ZCTA5 93706,41087,21022,20065
ZCTA5 93710,30202,14350,15852
ZCTA5 93711,36731,17551,19180
ZCTA5 93720,45191,21362,23829
ZCTA5 93721,6959,4620,2339
ZCTA5 93722,76448,37520,38928
ZCTA5 93723,9547,4824,4723
ZCTA5 93725,24979,12649,12330
ZCTA5 93726,40705,19761,20944
ZCTA5 93727,71820,35265,36555
ZCTA5 93728,15743,7932,7811
ZCTA5 93730,9941,4864,5077
ZCTA5 93901,26863,13056,13807
ZCTA5 93905,61087,31768,29319
ZCTA5 93906,59461,29675,29786
ZCTA5 93907,21726,10897,10829
ZCTA5 93908,13043,6479,6564
ZCTA5 93920,1369,732,637
ZCTA5 93921,3281,1428,1853
ZCTA5 93923,12073,5521,6552
ZCTA5 93924,6279,3088,3191
ZCTA5 93925,1671,851,820
ZCTA5 93926,8726,4473,4253
ZCTA5 93927,17547,9165,8382
ZCTA5 93928,506,368,138
ZCTA5 93930,15866,8438,7428
ZCTA5 93932,592,294,298
ZCTA5 93933,22406,10711,11695
ZCTA5 93940,31615,15852,15763
ZCTA5 93943,6,3,3
ZCTA5 93950,15046,6924,8122
ZCTA5 93953,4509,2167,2342
ZCTA5 93954,302,155,147
ZCTA5 93955,33359,16738,16621
ZCTA5 93960,27080,18747,8333
ZCTA5 93962,673,326,347
ZCTA5 94002,25992,12694,13298
ZCTA5 94005,4282,2148,2134
ZCTA5 94010,40737,19498,21239
ZCTA5 94014,47014,23329,23685
ZCTA5 94015,60927,29916,31011
ZCTA5 94019,18424,9079,9345
ZCTA5 94020,1559,822,737
ZCTA5 94021,192,94,98
ZCTA5 94022,18500,8937,9563
ZCTA5 94024,22385,10940,11445
ZCTA5 94025,40526,19730,20796
ZCTA5 94027,7089,3472,3617
ZCTA5 94028,6534,3234,3300
ZCTA5 94030,21536,10202,11334
ZCTA5 94037,2913,1401,1512
ZCTA5 94038,3040,1515,1525
ZCTA5 94040,32996,16752,16244
ZCTA5 94041,13292,6853,6439
ZCTA5 94043,28358,14373,13985
ZCTA5 94044,37296,18231,19065
ZCTA5 94060,1554,843,711
ZCTA5 94061,36245,17727,18518
ZCTA5 94062,25876,12710,13166
ZCTA5 94063,30949,16512,14437
ZCTA5 94065,11359,5423,5936
ZCTA5 94066,41130,20267,20863
ZCTA5 94070,29166,14087,15079
ZCTA5 94074,214,121,93
ZCTA5 94080,63975,31577,32398
ZCTA5 94085,21247,11157,10090
ZCTA5 94086,45697,23409,22288
ZCTA5 94087,54293,26705,27588
ZCTA5 94089,19245,9497,9748
ZCTA5 94102,31176,18681,12495
ZCTA5 94103,27170,16322,10848
ZCTA5 94104,406,218,188
ZCTA5 94105,5846,3287,2559
ZCTA5 94107,26599,14337,12262
ZCTA5 94108,13768,6648,7120
ZCTA5 94109,55984,28503,27481
ZCTA5 94110,69333,36429,32904
ZCTA5 94111,3713,1980,1733
ZCTA5 94112,79407,39385,40022
ZCTA5 94114,31124,18396,12728
ZCTA5 94115,33021,15503,17518
ZCTA5 94116,43698,21178,22520
ZCTA5 94117,39169,19906,19263
ZCTA5 94118,38319,18071,20248
ZCTA5 94121,41203,19801,21402
ZCTA5 94122,56023,27152,28871
ZCTA5 94123,23088,10648,12440
ZCTA5 94124,33996,16591,17405
ZCTA5 94127,19289,9682,9607
ZCTA5 94128,69,50,19
ZCTA5 94129,3183,1665,1518
ZCTA5 94130,2880,1561,1319
ZCTA5 94131,26881,14061,12820
ZCTA5 94132,28129,12994,15135
ZCTA5 94133,26237,12907,13330
ZCTA5 94134,40798,19930,20868
ZCTA5 94158,4792,2623,2169
ZCTA5 94301,16995,8443,8552
ZCTA5 94303,45467,22629,22838
ZCTA5 94304,3627,1745,1882
ZCTA5 94305,13862,7512,6350
ZCTA5 94306,26469,12933,13536
ZCTA5 94401,34429,17254,17175
ZCTA5 94402,23981,11638,12343
ZCTA5 94403,39642,19142,20500
ZCTA5 94404,33749,16234,17515
ZCTA5 94501,60212,28814,31398
ZCTA5 94502,13600,6501,7099
ZCTA5 94503,19681,9641,10040
ZCTA5 94505,13403,6735,6668
ZCTA5 94506,22452,10896,11556
ZCTA5 94507,14889,7386,7503
ZCTA5 94508,3661,1847,1814
ZCTA5 94509,62439,30455,31984
ZCTA5 94510,27088,13036,14052
ZCTA5 94511,2137,1143,994
ZCTA5 94512,108,60,48
ZCTA5 94513,54605,26575,28030
ZCTA5 94514,1360,722,638
ZCTA5 94515,7050,3551,3499
ZCTA5 94516,211,116,95
ZCTA5 94517,12385,6079,6306
ZCTA5 94518,26778,13226,13552
ZCTA5 94519,18453,9199,9254
ZCTA5 94520,37208,19255,17953
ZCTA5 94521,41249,19781,21468
ZCTA5 94523,33569,16276,17293
ZCTA5 94525,3127,1530,1597
ZCTA5 94526,31102,15092,16010
ZCTA5 94528,964,472,492
ZCTA5 94530,23877,11472,12405
ZCTA5 94531,40290,19547,20743
ZCTA5 94533,69277,33947,35330
ZCTA5 94534,36416,17857,18559
ZCTA5 94535,3793,2129,1664
ZCTA5 94536,68790,34019,34771
ZCTA5 94538,61148,30703,30445
ZCTA5 94539,50031,24807,25224
ZCTA5 94541,61635,30594,31041
ZCTA5 94542,12717,6196,6521
ZCTA5 94544,73026,36245,36781
ZCTA5 94545,29707,14590,15117
ZCTA5 94546,42209,20219,21990
ZCTA5 94547,24092,11416,12676
ZCTA5 94548,412,229,183
ZCTA5 94549,26864,13046,13818
ZCTA5 94550,46896,23071,23825
ZCTA5 94551,36867,18559,18308
ZCTA5 94552,14454,7026,7428
ZCTA5 94553,47065,23215,23850
ZCTA5 94555,34143,16923,17220
ZCTA5 94556,15229,7259,7970
ZCTA5 94558,66830,33449,33381
ZCTA5 94559,27184,13640,13544
ZCTA5 94560,42573,21217,21356
ZCTA5 94561,36515,18183,18332
ZCTA5 94563,17672,8583,9089
ZCTA5 94564,18287,8690,9597
ZCTA5 94565,84641,41479,43162
ZCTA5 94566,40884,19896,20988
ZCTA5 94567,623,302,321
ZCTA5 94568,46016,23972,22044
ZCTA5 94569,198,97,101
ZCTA5 94571,7911,3841,4070
ZCTA5 94572,8684,4239,4445
ZCTA5 94573,94,50,44
ZCTA5 94574,8742,4188,4554
ZCTA5 94575,974,391,583
ZCTA5 94576,164,70,94
ZCTA5 94577,45560,21851,23709
ZCTA5 94578,38558,18756,19802
ZCTA5 94579,20571,9929,10642
ZCTA5 94580,27152,13261,13891
ZCTA5 94582,38537,18934,19603
ZCTA5 94583,34859,17136,17723
ZCTA5 94585,28263,13974,14289
ZCTA5 94586,925,466,459
ZCTA5 94587,69516,34318,35198
ZCTA5 94588,30842,15271,15571
ZCTA5 94589,29876,14542,15334
ZCTA5 94590,35420,17214,18206
ZCTA5 94591,53042,25772,27270
ZCTA5 94592,742,364,378
ZCTA5 94595,16425,6703,9722
ZCTA5 94596,20037,9902,10135
ZCTA5 94597,20277,9750,10527
ZCTA5 94598,25818,12335,13483
ZCTA5 94599,3021,1735,1286
ZCTA5 94601,50294,25820,24474
ZCTA5 94602,28329,13180,15149
ZCTA5 94603,31403,15430,15973
ZCTA5 94605,39016,18297,20719
ZCTA5 94606,36672,18044,18628
ZCTA5 94607,24978,12585,12393
ZCTA5 94608,28019,13883,14136
ZCTA5 94609,20596,9799,10797
ZCTA5 94610,29287,13633,15654
ZCTA5 94611,36565,17345,19220
ZCTA5 94612,14389,7476,6913
ZCTA5 94613,715,74,641
ZCTA5 94618,16046,7464,8582
ZCTA5 94619,23299,10841,12458
ZCTA5 94621,29870,14789,15081
ZCTA5 94702,15979,7520,8459
ZCTA5 94703,19846,9743,10103
ZCTA5 94704,25592,12851,12741
ZCTA5 94705,12762,6081,6681
ZCTA5 94706,19615,9322,10293
ZCTA5 94707,11710,5482,6228
ZCTA5 94708,10985,5334,5651
ZCTA5 94709,11806,6083,5723
ZCTA5 94710,6948,3469,3479
ZCTA5 94720,2964,1398,1566
ZCTA5 94801,29395,14759,14636
ZCTA5 94803,24904,12127,12777
ZCTA5 94804,38559,18513,20046
ZCTA5 94805,13648,6583,7065
ZCTA5 94806,59861,29365,30496
ZCTA5 94850,0,0,0
ZCTA5 94901,41157,21229,19928
ZCTA5 94903,29040,13566,15474
ZCTA5 94904,11995,5502,6493
ZCTA5 94920,12474,5798,6676
ZCTA5 94922,425,215,210
ZCTA5 94923,1411,721,690
ZCTA5 94924,1638,878,760
ZCTA5 94925,9253,4316,4937
ZCTA5 94928,43170,20731,22439
ZCTA5 94929,264,129,135
ZCTA5 94930,8500,4144,4356
ZCTA5 94931,8470,4056,4414
ZCTA5 94933,865,422,443
ZCTA5 94937,837,385,452
ZCTA5 94938,812,399,413
ZCTA5 94939,6859,3182,3677
ZCTA5 94940,268,138,130
ZCTA5 94941,30496,14417,16079
ZCTA5 94945,17167,8447,8720
ZCTA5 94946,699,365,334
ZCTA5 94947,24283,11659,12624
ZCTA5 94949,17202,8291,8911
ZCTA5 94950,89,46,43
ZCTA5 94951,4124,2072,2052
ZCTA5 94952,32858,16353,16505
ZCTA5 94954,37365,18336,19029
ZCTA5 94956,1756,801,955
ZCTA5 94957,1332,639,693
ZCTA5 94960,15740,7399,8341
ZCTA5 94963,569,275,294
ZCTA5 94964,5094,4970,124
ZCTA5 94965,10847,5113,5734
ZCTA5 94970,683,336,347
ZCTA5 94971,337,156,181
ZCTA5 94972,52,30,22
ZCTA5 94973,1429,690,739
ZCTA5 95002,2077,1060,1017
ZCTA5 95003,23974,11609,12365
ZCTA5 95004,3918,1963,1955
ZCTA5 95005,6311,3202,3109
ZCTA5 95006,8979,4662,4317
ZCTA5 95007,676,350,326
ZCTA5 95008,45260,22235,23025
ZCTA5 95010,9137,4319,4818
ZCTA5 95012,10320,5264,5056
ZCTA5 95013,80,46,34
ZCTA5 95014,60717,30006,30711
ZCTA5 95017,834,459,375
ZCTA5 95018,7778,3907,3871
ZCTA5 95019,7727,3842,3885
ZCTA5 95020,57349,28607,28742
ZCTA5 95023,48841,24428,24413
ZCTA5 95030,12791,6189,6602
ZCTA5 95032,25089,12107,12982
ZCTA5 95033,9372,4843,4529
ZCTA5 95035,66943,34220,32723
ZCTA5 95037,45579,22688,22891
ZCTA5 95039,1377,708,669
ZCTA5 95041,160,74,86
ZCTA5 95043,639,321,318
ZCTA5 95045,4046,2005,2041
ZCTA5 95046,6417,3258,3159
ZCTA5 95050,35923,18083,17840
ZCTA5 95051,54327,27294,27033
ZCTA5 95053,2206,1027,1179
ZCTA5 95054,23364,12068,11296
ZCTA5 95060,46377,23805,22572
ZCTA5 95062,36079,17816,18263
ZCTA5 95064,7331,3409,3922
ZCTA5 95065,8113,3975,4138
ZCTA5 95066,14749,7251,7498
ZCTA5 95070,30617,14984,15633
ZCTA5 95073,10154,4982,5172
ZCTA5 95075,331,177,154
ZCTA5 95076,82474,41745,40729
ZCTA5 95110,18730,10739,7991
ZCTA5 95111,58466,29503,28963
ZCTA5 95112,55927,30066,25861
ZCTA5 95113,893,474,419
ZCTA5 95116,51496,26326,25170
ZCTA5 95117,30067,15205,14862
ZCTA5 95118,31932,15675,16257
ZCTA5 95119,9970,5024,4946
ZCTA5 95120,37457,18609,18848
ZCTA5 95121,37469,18692,18777
ZCTA5 95122,56545,29089,27456
ZCTA5 95123,62228,30603,31625
ZCTA5 95124,47082,23336,23746
ZCTA5 95125,51939,25128,26811
ZCTA5 95126,31049,15733,15316
ZCTA5 95127,61325,31309,30016
ZCTA5 95128,34836,17398,17438
ZCTA5 95129,38720,19031,19689
ZCTA5 95130,13911,6935,6976
ZCTA5 95131,28565,14352,14213
ZCTA5 95132,40299,20147,20152
ZCTA5 95133,25401,12512,12889
ZCTA5 95134,15268,7940,7328
ZCTA5 95135,20120,9630,10490
ZCTA5 95136,42989,21069,21920
ZCTA5 95138,18889,9223,9666
ZCTA5 95139,6748,3394,3354
ZCTA5 95140,191,110,81
ZCTA5 95148,45528,22756,22772
ZCTA5 95202,6521,3279,3242
ZCTA5 95203,15696,8150,7546
ZCTA5 95204,27786,13269,14517
ZCTA5 95205,38069,19648,18421
ZCTA5 95206,65004,32466,32538
ZCTA5 95207,47965,22686,25279
ZCTA5 95209,39488,19105,20383
ZCTA5 95210,39009,18906,20103
ZCTA5 95211,1545,694,851
ZCTA5 95212,25239,12493,12746
ZCTA5 95215,23224,12143,11081
ZCTA5 95219,27884,13417,14467
ZCTA5 95220,7273,3693,3580
ZCTA5 95222,5292,2583,2709
ZCTA5 95223,4612,2376,2236
ZCTA5 95224,429,227,202
ZCTA5 95225,672,340,332
ZCTA5 95226,84,42,42
ZCTA5 95227,941,477,464
ZCTA5 95228,3976,2009,1967
ZCTA5 95230,718,362,356
ZCTA5 95231,4374,2720,1654
ZCTA5 95232,304,146,158
ZCTA5 95233,436,220,216
ZCTA5 95234,70,40,30
ZCTA5 95236,4223,2112,2111
ZCTA5 95237,3167,1644,1523
ZCTA5 95240,47172,23396,23776
ZCTA5 95242,25393,12279,13114
ZCTA5 95245,2277,1149,1128
ZCTA5 95246,1615,837,778
ZCTA5 95247,4368,2131,2237
ZCTA5 95248,301,138,163
ZCTA5 95249,4042,2006,2036
ZCTA5 95250,78,41,37
ZCTA5 95251,767,367,400
ZCTA5 95252,13460,6807,6653
ZCTA5 95254,480,228,252
ZCTA5 95255,2042,1016,1026
ZCTA5 95257,413,202,211
ZCTA5 95258,4018,1978,2040
ZCTA5 95301,37073,19002,18071
ZCTA5 95303,912,472,440
ZCTA5 95304,15706,9805,5901
ZCTA5 95305,245,124,121
ZCTA5 95306,970,507,463
ZCTA5 95307,42753,21163,21590
ZCTA5 95310,1882,944,938
ZCTA5 95311,2197,1117,1080
ZCTA5 95312,268,134,134
ZCTA5 95313,1386,732,654
ZCTA5 95314,0,0,0
ZCTA5 95315,13018,6617,6401
ZCTA5 95316,6573,3263,3310
ZCTA5 95317,817,435,382
ZCTA5 95318,541,268,273
ZCTA5 95319,1749,878,871
ZCTA5 95320,12819,6427,6392
ZCTA5 95321,3736,1863,1873
ZCTA5 95322,8942,4585,4357
ZCTA5 95323,1260,629,631
ZCTA5 95324,7324,3664,3660
ZCTA5 95325,81,43,38
ZCTA5 95326,9581,4728,4853
ZCTA5 95327,9806,6657,3149
ZCTA5 95328,3993,2016,1977
ZCTA5 95329,2460,1265,1195
ZCTA5 95330,17853,8928,8925
ZCTA5 95333,2942,1491,1451
ZCTA5 95334,15457,7811,7646
ZCTA5 95335,541,289,252
ZCTA5 95336,42675,21023,21652
ZCTA5 95337,31557,15564,15993
ZCTA5 95338,11062,5477,5585
ZCTA5 95340,33931,16730,17201
ZCTA5 95341,32967,16878,16089
ZCTA5 95345,708,374,334
ZCTA5 95346,1272,666,606
ZCTA5 95348,30805,14928,15877
ZCTA5 95350,51046,24435,26611
ZCTA5 95351,46458,23441,23017
ZCTA5 95354,25394,12779,12615
ZCTA5 95355,58311,27916,30395
ZCTA5 95356,30918,15060,15858
ZCTA5 95357,11559,5778,5781
ZCTA5 95358,31668,16380,15288
ZCTA5 95360,11712,5834,5878
ZCTA5 95361,31610,15547,16063
ZCTA5 95363,25237,12824,12413
ZCTA5 95364,53,27,26
ZCTA5 95365,4985,2565,2420
ZCTA5 95366,16575,8145,8430
ZCTA5 95367,23173,11560,11613
ZCTA5 95368,13614,6899,6715
ZCTA5 95369,1099,571,528
ZCTA5 95370,26803,13084,13719
ZCTA5 95372,1963,996,967
ZCTA5 95374,2030,1074,956
ZCTA5 95375,106,58,48
ZCTA5 95376,49859,24754,25105
ZCTA5 95377,30902,15340,15562
ZCTA5 95379,3898,1913,1985
ZCTA5 95380,41201,20592,20609
ZCTA5 95382,36176,17428,18748
ZCTA5 95383,3937,2052,1885
ZCTA5 95385,429,240,189
ZCTA5 95386,9877,5026,4851
ZCTA5 95387,636,331,305
ZCTA5 95388,13074,6605,6469
ZCTA5 95389,1272,750,522
ZCTA5 95391,9959,4953,5006
ZCTA5 95401,36981,18394,18587
ZCTA5 95403,45164,22483,22681
ZCTA5 95404,39761,19264,20497
ZCTA5 95405,21399,10067,11332
ZCTA5 95407,39352,20247,19105
ZCTA5 95409,27187,12624,14563
ZCTA5 95410,950,459,491
ZCTA5 95412,401,208,193
ZCTA5 95415,1592,854,738
ZCTA5 95417,297,154,143
ZCTA5 95420,374,176,198
ZCTA5 95421,1592,841,751
ZCTA5 95422,15585,7794,7791
ZCTA5 95423,3747,1893,1854
ZCTA5 95425,10841,5456,5385
ZCTA5 95426,2147,1099,1048
ZCTA5 95427,459,246,213
ZCTA5 95428,2516,1277,1239
ZCTA5 95429,70,39,31
ZCTA5 95430,44,18,26
ZCTA5 95431,631,367,264
ZCTA5 95432,426,219,207
ZCTA5 95435,82,37,45
ZCTA5 95436,5418,2769,2649
ZCTA5 95437,14799,7396,7403
ZCTA5 95439,675,339,336
ZCTA5 95441,2014,1100,914
ZCTA5 95442,3178,1583,1595
ZCTA5 95443,233,123,110
ZCTA5 95444,748,355,393
ZCTA5 95445,2093,1049,1044
ZCTA5 95446,4750,2588,2162
ZCTA5 95448,16852,8462,8390
ZCTA5 95449,1507,821,686
ZCTA5 95450,387,209,178
ZCTA5 95451,11213,5602,5611
ZCTA5 95452,1393,691,702
ZCTA5 95453,11256,5637,5619
ZCTA5 95454,2556,1362,1194
ZCTA5 95456,795,356,439
ZCTA5 95457,2893,1506,1387
ZCTA5 95458,3104,1557,1547
ZCTA5 95459,504,259,245
ZCTA5 95460,2285,1098,1187
ZCTA5 95461,3413,1774,1639
ZCTA5 95462,1417,753,664
ZCTA5 95463,169,88,81
ZCTA5 95464,2673,1326,1347
ZCTA5 95465,2083,1064,1019
ZCTA5 95466,946,497,449
ZCTA5 95467,5498,2709,2789
ZCTA5 95468,1258,641,617
ZCTA5 95469,1767,918,849
ZCTA5 95470,6032,3063,2969
ZCTA5 95471,522,279,243
ZCTA5 95472,28255,13626,14629
ZCTA5 95476,35394,17027,18367
ZCTA5 95482,31808,15667,16141
ZCTA5 95485,2557,1269,1288
ZCTA5 95486,62,25,37
ZCTA5 95488,280,149,131
ZCTA5 95490,13264,6620,6644
ZCTA5 95492,28532,14084,14448
ZCTA5 95493,198,107,91
ZCTA5 95494,139,71,68
ZCTA5 95497,1305,624,681
ZCTA5 95501,23976,12335,11641
ZCTA5 95503,24152,11876,12276
ZCTA5 95511,360,195,165
ZCTA5 95514,254,142,112
ZCTA5 95519,17432,8575,8857
ZCTA5 95521,20199,10105,10094
ZCTA5 95524,1787,888,899
ZCTA5 95525,1733,869,864
ZCTA5 95526,378,213,165
ZCTA5 95527,627,345,282
ZCTA5 95528,1139,584,555
ZCTA5 95531,24528,13793,10735
ZCTA5 95536,2849,1397,1452
ZCTA5 95537,276,158,118
ZCTA5 95540,13657,6640,7017
ZCTA5 95542,2533,1379,1154
ZCTA5 95543,765,406,359
ZCTA5 95545,153,85,68
ZCTA5 95546,3494,1729,1765
ZCTA5 95547,1222,619,603
ZCTA5 95548,1373,749,624
ZCTA5 95549,805,426,379
ZCTA5 95550,128,64,64
ZCTA5 95551,1739,860,879
ZCTA5 95552,697,366,331
ZCTA5 95553,1062,551,511
ZCTA5 95554,533,277,256
ZCTA5 95555,410,219,191
ZCTA5 95556,605,322,283
ZCTA5 95558,425,234,191
ZCTA5 95559,182,90,92
ZCTA5 95560,1648,868,780
ZCTA5 95562,3450,1697,1753
ZCTA5 95563,652,340,312
ZCTA5 95564,462,252,210
ZCTA5 95565,1071,559,512
ZCTA5 95567,1930,951,979
ZCTA5 95568,136,68,68
ZCTA5 95569,361,213,148
ZCTA5 95570,2579,1318,1261
ZCTA5 95571,271,138,133
ZCTA5 95573,1744,878,866
ZCTA5 95585,508,267,241
ZCTA5 95587,201,109,92
ZCTA5 95589,1612,873,739
ZCTA5 95595,262,134,128
ZCTA5 95601,198,98,100
ZCTA5 95602,17509,8502,9007
ZCTA5 95603,27844,13482,14362
ZCTA5 95604,75,44,31
ZCTA5 95605,14179,7115,7064
ZCTA5 95606,196,103,93
ZCTA5 95607,431,223,208
ZCTA5 95608,59418,28017,31401
ZCTA5 95610,44147,21584,22563
ZCTA5 95612,1239,631,608
ZCTA5 95614,3833,1856,1977
ZCTA5 95615,834,442,392
ZCTA5 95616,47032,21934,25098
ZCTA5 95618,27281,13274,14007
ZCTA5 95619,4842,2276,2566
ZCTA5 95620,20553,10233,10320
ZCTA5 95621,39819,19125,20694
ZCTA5 95623,3806,1890,1916
ZCTA5 95624,61989,30318,31671
ZCTA5 95625,155,86,69
ZCTA5 95626,5975,2994,2981
ZCTA5 95627,3513,1758,1755
ZCTA5 95628,40196,19572,20624
ZCTA5 95629,832,410,422
ZCTA5 95630,72180,38466,33714
ZCTA5 95631,6076,3040,3036
ZCTA5 95632,29269,14550,14719
ZCTA5 95633,3349,1705,1644
ZCTA5 95634,3232,1691,1541
ZCTA5 95635,1262,670,592
ZCTA5 95636,1101,573,528
ZCTA5 95637,370,185,185
ZCTA5 95638,2255,1164,1091
ZCTA5 95639,283,141,142
ZCTA5 95640,11353,7740,3613
ZCTA5 95641,1986,1055,931
ZCTA5 95642,7164,3330,3834
ZCTA5 95645,2037,1082,955
ZCTA5 95646,158,95,63
ZCTA5 95648,47354,22904,24450
ZCTA5 95650,12447,6215,6232
ZCTA5 95651,637,336,301
ZCTA5 95652,739,341,398
ZCTA5 95653,527,280,247
ZCTA5 95655,4314,2183,2131
ZCTA5 95658,6285,3142,3143
ZCTA5 95659,702,372,330
ZCTA5 95660,30714,15149,15565
ZCTA5 95661,29791,14092,15699
ZCTA5 95662,31558,15585,15973
ZCTA5 95663,2377,1170,1207
ZCTA5 95664,1380,715,665
ZCTA5 95665,4426,2242,2184
ZCTA5 95666,5336,2695,2641
ZCTA5 95667,36726,17909,18817
ZCTA5 95668,815,440,375
ZCTA5 95669,2443,1184,1259
ZCTA5 95670,52973,25694,27279
ZCTA5 95672,4773,2413,2360
ZCTA5 95673,15455,7781,7674
ZCTA5 95674,935,479,456
ZCTA5 95675,381,174,207
ZCTA5 95677,23333,11364,11969
ZCTA5 95678,41192,20063,21129
ZCTA5 95679,55,28,27
ZCTA5 95680,146,77,69
ZCTA5 95681,1226,617,609
ZCTA5 95682,29114,14249,14865
ZCTA5 95683,6180,3047,3133
ZCTA5 95684,3422,1743,1679
ZCTA5 95685,4680,2236,2444
ZCTA5 95686,1405,699,706
ZCTA5 95687,65096,35533,29563
ZCTA5 95688,34379,16980,17399
ZCTA5 95689,1244,617,627
ZCTA5 95690,2533,1353,1180
ZCTA5 95691,34737,17068,17669
ZCTA5 95692,4769,2324,2445
ZCTA5 95693,6758,3371,3387
ZCTA5 95694,9156,4650,4506
ZCTA5 95695,37946,18579,19367
ZCTA5 95697,425,202,223
ZCTA5 95698,236,120,116
ZCTA5 95699,154,81,73
ZCTA5 95701,983,524,459
ZCTA5 95703,897,473,424
ZCTA5 95709,4772,2394,2378
ZCTA5 95713,9495,4778,4717
ZCTA5 95714,382,209,173
ZCTA5 95715,115,65,50
ZCTA5 95717,231,120,111
ZCTA5 95720,157,77,80
ZCTA5 95721,37,22,15
ZCTA5 95722,4585,2304,2281
ZCTA5 95724,27,22,5
ZCTA5 95726,8842,4473,4369
ZCTA5 95728,386,231,155
ZCTA5 95735,68,40,28
ZCTA5 95736,240,129,111
ZCTA5 95742,7749,3903,3846
ZCTA5 95746,21460,10625,10835
ZCTA5 95747,51870,24765,27105
ZCTA5 95757,40222,20292,19930
ZCTA5 95758,60435,28882,31553
ZCTA5 95762,38797,19120,19677
ZCTA5 95765,33974,16403,17571
ZCTA5 95776,21902,10995,10907
ZCTA5 95811,7595,4265,3330
ZCTA5 95814,9922,6209,3713
ZCTA5 95815,24680,12454,12226
ZCTA5 95816,15579,7617,7962
ZCTA5 95817,13534,6326,7208
ZCTA5 95818,19811,9274,10537
ZCTA5 95819,17141,7978,9163
ZCTA5 95820,34480,16751,17729
ZCTA5 95821,33550,15986,17564
ZCTA5 95822,42347,20298,22049
ZCTA5 95823,73985,35609,38376
ZCTA5 95824,30221,15263,14958
ZCTA5 95825,31084,14675,16409
ZCTA5 95826,36628,17816,18812
ZCTA5 95827,20269,10031,10238
ZCTA5 95828,57862,28518,29344
ZCTA5 95829,24755,12174,12581
ZCTA5 95830,934,491,443
ZCTA5 95831,41321,19420,21901
ZCTA5 95832,11924,5763,6161
ZCTA5 95833,37293,18190,19103
ZCTA5 95834,25899,12538,13361
ZCTA5 95835,35936,17389,18547
ZCTA5 95837,315,160,155
ZCTA5 95838,36764,18185,18579
ZCTA5 95841,19448,9347,10101
ZCTA5 95842,31806,15457,16349
ZCTA5 95843,45048,21869,23179
ZCTA5 95864,22447,10613,11834
ZCTA5 95901,31314,15660,15654
ZCTA5 95903,1732,988,744
ZCTA5 95910,86,48,38
ZCTA5 95912,4685,2413,2272
ZCTA5 95914,578,290,288
ZCTA5 95915,44,26,18
ZCTA5 95916,1441,767,674
ZCTA5 95917,3155,1576,1579
ZCTA5 95918,2339,1191,1148
ZCTA5 95919,1378,692,686
ZCTA5 95920,274,155,119
ZCTA5 95922,687,372,315
ZCTA5 95923,58,37,21
ZCTA5 95925,295,154,141
ZCTA5 95926,37725,18823,18902
ZCTA5 95928,36511,18308,18203
ZCTA5 95930,69,37,32
ZCTA5 95932,7718,3879,3839
ZCTA5 95934,274,138,136
ZCTA5 95935,631,344,287
ZCTA5 95936,352,186,166
ZCTA5 95937,1491,713,778
ZCTA5 95938,3787,1891,1896
ZCTA5 95939,604,356,248
ZCTA5 95941,563,293,270
ZCTA5 95942,1301,657,644
ZCTA5 95943,879,463,416
ZCTA5 95944,46,27,19
ZCTA5 95945,25199,11806,13393
ZCTA5 95946,9790,4772,5018
ZCTA5 95947,1899,943,956
ZCTA5 95948,10810,5361,5449
ZCTA5 95949,19741,9774,9967
ZCTA5 95950,569,296,273
ZCTA5 95951,2601,1330,1271
ZCTA5 95953,10718,5159,5559
ZCTA5 95954,12251,6094,6157
ZCTA5 95955,1517,796,721
ZCTA5 95956,401,206,195
ZCTA5 95957,761,398,363
ZCTA5 95959,17838,9051,8787
ZCTA5 95960,796,422,374
ZCTA5 95961,26510,13356,13154
ZCTA5 95962,1567,799,768
ZCTA5 95963,15493,7740,7753
ZCTA5 95965,20384,10303,10081
ZCTA5 95966,30643,15085,15558
ZCTA5 95968,1412,719,693
ZCTA5 95969,27549,13122,14427
ZCTA5 95970,530,277,253
ZCTA5 95971,5970,2949,3021
ZCTA5 95973,31957,15688,16269
ZCTA5 95974,8,4,4
ZCTA5 95975,1769,890,879
ZCTA5 95977,1678,839,839
ZCTA5 95978,143,72,71
ZCTA5 95979,597,329,268
ZCTA5 95981,97,48,49
ZCTA5 95982,3221,1654,1567
ZCTA5 95983,428,217,211
ZCTA5 95984,120,60,60
ZCTA5 95986,162,96,66
ZCTA5 95987,5992,3130,2862
ZCTA5 95988,8857,4443,4414
ZCTA5 95991,40593,20052,20541
ZCTA5 95993,36067,17959,18108
ZCTA5 96001,33865,16735,17130
ZCTA5 96002,33298,16228,17070
ZCTA5 96003,44461,21557,22904
ZCTA5 96006,557,272,285
ZCTA5 96007,22841,11196,11645
ZCTA5 96008,1231,622,609
ZCTA5 96009,569,295,274
ZCTA5 96010,239,133,106
ZCTA5 96011,218,118,100
ZCTA5 96013,4212,2064,2148
ZCTA5 96014,211,112,99
ZCTA5 96015,465,223,242
ZCTA5 96016,366,191,175
ZCTA5 96017,171,102,69
ZCTA5 96019,10082,5029,5053
ZCTA5 96020,2416,1223,1193
ZCTA5 96021,16097,8012,8085
ZCTA5 96022,15768,7830,7938
ZCTA5 96023,1240,636,604
ZCTA5 96024,1145,591,554
ZCTA5 96025,2310,1188,1122
ZCTA5 96027,2227,1144,1083
ZCTA5 96028,1464,744,720
ZCTA5 96029,124,61,63
ZCTA5 96031,158,92,66
ZCTA5 96032,2407,1250,1157
ZCTA5 96033,432,224,208
ZCTA5 96034,294,156,138
ZCTA5 96035,3324,1701,1623
ZCTA5 96037,308,152,156
ZCTA5 96038,589,301,288
ZCTA5 96039,1251,642,609
ZCTA5 96040,341,171,170
ZCTA5 96041,2747,1430,1317
ZCTA5 96044,1022,515,507
ZCTA5 96046,304,173,131
ZCTA5 96047,1004,511,493
ZCTA5 96048,736,374,362
ZCTA5 96049,95,50,45
ZCTA5 96050,414,214,200
ZCTA5 96051,1139,594,545
ZCTA5 96052,1460,796,664
ZCTA5 96054,366,181,185
ZCTA5 96055,3935,1942,1993
ZCTA5 96056,1642,845,797
ZCTA5 96057,1355,681,674
ZCTA5 96058,798,431,367
ZCTA5 96059,688,352,336
ZCTA5 96061,36,20,16
ZCTA5 96062,1105,535,570
ZCTA5 96063,125,64,61
ZCTA5 96064,4574,2288,2286
ZCTA5 96065,357,196,161
ZCTA5 96067,7165,3420,3745
ZCTA5 96068,183,142,41
ZCTA5 96069,982,512,470
ZCTA5 96071,125,63,62
ZCTA5 96073,4082,2035,2047
ZCTA5 96074,260,181,79
ZCTA5 96075,369,226,143
ZCTA5 96076,166,88,78
ZCTA5 96080,28764,14102,14662
ZCTA5 96084,625,315,310
ZCTA5 96085,85,44,41
ZCTA5 96086,338,168,170
ZCTA5 96087,600,296,304
ZCTA5 96088,4506,2306,2200
ZCTA5 96090,421,212,209
ZCTA5 96091,699,363,336
ZCTA5 96092,496,269,227
ZCTA5 96093,4133,2025,2108
ZCTA5 96094,6630,3376,3254
ZCTA5 96096,695,350,345
ZCTA5 96097,10031,4826,5205
ZCTA5 96101,5490,2777,2713
ZCTA5 96103,1725,848,877
ZCTA5 96104,748,368,380
ZCTA5 96105,527,285,242
ZCTA5 96106,479,238,241
ZCTA5 96107,1269,628,641
ZCTA5 96108,122,64,58
ZCTA5 96109,2197,1664,533
ZCTA5 96110,166,87,79
ZCTA5 96111,160,83,77
ZCTA5 96112,214,98,116
ZCTA5 96113,1000,497,503
ZCTA5 96114,3220,1639,1581
ZCTA5 96115,145,72,73
ZCTA5 96116,233,129,104
ZCTA5 96117,405,199,206
ZCTA5 96118,1627,807,820
ZCTA5 96119,90,52,38
ZCTA5 96120,957,481,476
ZCTA5 96121,368,200,168
ZCTA5 96122,3883,1918,1965
ZCTA5 96123,48,25,23
ZCTA5 96124,326,157,169
ZCTA5 96125,258,134,124
ZCTA5 96126,215,115,100
ZCTA5 96128,752,410,342
ZCTA5 96129,261,146,115
ZCTA5 96130,23150,15788,7362
ZCTA5 96132,119,61,58
ZCTA5 96133,110,55,55
ZCTA5 96134,2512,1283,1229
ZCTA5 96135,128,68,60
ZCTA5 96136,104,56,48
ZCTA5 96137,3297,1681,1616
ZCTA5 96140,1170,633,537
ZCTA5 96141,744,401,343
ZCTA5 96142,1037,574,463
ZCTA5 96143,4414,2433,1981
ZCTA5 96145,3161,1689,1472
ZCTA5 96146,1366,802,564
ZCTA5 96148,788,425,363
ZCTA5 96150,29792,15802,13990
ZCTA5 96155,8,5,3
ZCTA5 96161,18451,9669,8782
ZCTA5 97635,165,89,76